7
15
29
39
47
55
63
71
78
85
91
95
103
111
117
122
127
133
137
142
147
151
155
159
162
167
169
171
175
179
182
183
187
189
191
195
197
199
201
203
205
207
209
211
212
214
215
217
219
219
220
222
223
224
225
226
227
228
229
231
231
232
233
233
234
235
236
236
237
238
238
239
239
240
239
241
241
241
242
242
243
243
242
244
244
244
245
246
228
208
192
177
164
152
140
128
120
109
101
94
88
80
74
68
64
59
54
50
46
44
39
37
34
31
29
26
24
22
20
19
18
17
14
14
14
12
11
11
10
9
8
8
7
6
6
6
5
6
5
5
5
4
3
4
4
3
3
3
2
2
2
2
2
2
2
1